7904431984 7904431992 7904431986 7904431985 7904431987 7904431991 7904431993 7904431994 7904431990 7904431988 7904431998
7900244430 7900244437 7900244438 7900244439 7900244440 7900244441 7900244442 7900244444 7900244445 7900244446 7900244447 7900244435 7900244432 7900244443 7900244431 7900244433 7900244434 7900244448 7900244449 7900244450 7900244451 7900244452 7900244453 7900244454 7900244455 7900244456 7900244457 7900244458 7900244459 614173700120402
7900244460 7900244465 7900244466 7900244467 7900244468 7900244469 7900244470 7900244471 7900244472 7900244473 7900244463 7900244464 614175300584008 7900244462 7900244474 7900244475 7900244476 7900244477 7900244478
7900244479 7706154408 7706154409 7706154410 7706154411 7706154412 7706154413 7706154414 7706154415 7706154405 7900244496 999199214715000 7706154401 7900244488 7706154403 7900244498 7900244499 7706154402 7900244497 7706154406 7706154404 7706154407 7706177000 7706154418 7706154419 7706154420 7706154422 7706154421 7706154423 7706154424 7706154425 7706154426
7706156000 7706156038 7706156039 7706156040 7706156041 614175300587704 7706156043 7706156010 7706156011 7706156033 7706156012 7706156013 7706156014 7706156015 7706156016 7706156017 614175300587703 7706156018 7706156019 7706156020 7706156021 7706156022 7706156023 7706156025 7706156024 7706156026 7706156027 7706156028 7706156029 7706156030 7706156031 7706156032 7706156034 7706156035 7706156036 7706156044 7706156037 7706156045 7706156046 7706156047
7700949503 7706156051 7706156052 7706156053 7706156054 7706156056 7702784761 7706156057 7706156058 614175300584003 7706156049 7706156050 7706156059 614175300584000 7706156060 7706156061 7706156062 7706156063 7706156064 7706156055 7706156065 7706156066 7706156067 7706156068
7706156069 7706156073 7706156075 7706156074 7706156076 7706156077 7706156078 7706156072 7706156071 7706156070 614175300584006 7706156079 7706156080 7706156081 7706156082 7706156083 7706156085 7706156098 7706156099 7706163100 7706163101 7706163102 7706163103 7706163104 7706163105 7706163106 7706163107 7706163108 7706156087 614175300584005 7706156088 7706156086 7706156089 7706156090 7706163109 7706163110 7706163111 7706163112 7706163113 7706163114 7706163115 7706163116
7706163117 7706163127 7706163128 7706163125 7706163126 7706163123 7706163132 7706163119 7706163118 7706163121 7706163122 7706163120 7706163124 7706163129 7706163130 7706163131 7706163134 999199279357002 7706163133
7903982200 7904001700 7903982215 7903982216 7903982217 7903982218 7903982219 7903982220 7903982221 7903982222 7903982223 7903982224 7903982205 7903982206 7903982207 7903982208 7903982209 7903982212 7903982210 7903982203 7903982213 7903982211 7903982225 7903982226 7903982227 7903982228 7903982229 7903982230 7903982231
7903982232 7904001701 7904001702 7904001703 7904001704 7904211200 7904211201 7903982235 7904290401 7904290402 7903982233 7903982234 7903982237 7904290403 7904290404 7904290405 7904290406 7904290407 7904290408 7904290409 7904290410 7904290411
7904311500 7904311515 7904311516 7904311517 7904311518 7904311519 7904311520 7904311504 7904311513 7904311502 7904311503 7904311505 7904311514 7904311506 7904311501 7904311507 7904311508 7904311509 7904311512 7904311510 7904311511 7904311521 7904311522 7904311523 7904311524 7904311525 7904337800 7904337801 7904337802 7904337803
7904337804 7904337818 7904337819 7904337820 7904337821 7904337822 7904337823 7904337824 7904337825 7904337826 7904337806 7904337809 7904337805 614173700120411 614173700120412 7904337816 614175300501200 7904337817 7904337807 7904337808 7904337827 7904337828 7904337829 7904337830 7904337831 7904337832 7904337833 7904339600
7904339601 7904339610 7904339611 7904339612 7904339613 7904339614 7904339615 7904339616 7904339617 7904339618 7904339619 7904339620 7904339621 7904339622 7904339607 614175300587401 7904339609 7904339608 7904339602 7904339623 7904339625 7904339624
7904339626 7904374114 7904374115 7904374116 7904374118 7904374117 7904374119 7904374120 7904374121 7904374122 7904374123 7904374125 7904374124 7904374126 7904374127 7904374103 7904374102 7904374101 7904374104 100199155537000 7904374105 7904374100 7904374128 7904374130 7904374129 7904374131 7904374132 7904374133 7904374134 7904374135 7904374136
7904374137 7904374143 7904374144 7904374145 7904374146 7904374147 7904374148 7904374149 7904374150 7904374151 7904374152 7904374153 7904374154 7904374139 7904374140 7904374141 7904374142 7904374138 7904374155 7904374156 7904374157 7904374158 7904374159 7904374160 7904374161 7904374162 7904374163 7904374164
7904374165 7904374171 7904374172 7904374173 7904374174 7904374175 7904374176 7904374177 7904374178 7904374179 7904374180 7904374170 7904374169 7904374181 7904374168 7904374182 7904374183 7904374184 7904374185
7904374186 7904374195 7904374199 7904398804 7904398800 7904374196 7904398803 7904374192 7904374188 7904374193 7904374191 7904374190 7904374187 7904374189 7904398802 7904374198 7904398805 7904374194 7904374197 7904398801
7904398806 7904398810 7904398808 7904398809 7904398811 7904398812 7904398813 7904398814 7904398815 7904398816 7904398817 7904398818 7904398807 7904398819 7904398820 7904398821 614175300587400 7904398822 7904398823
7904398824 7904398840 7904398841 7904398842 7904398843 7904398844 7904398845 7904398846 7904398847 7904398848 7904398849 7904427000 7904427001 7904427002 7904427003 7904427004 614173700120409 7904427006 7904398836 7904398835 7904398837 7904398825 7904398838 999199226836000 7904398839 7904427007 7904427008 7904427009 7904427010 7904427011
7904427012 7904429903 7904429904 7904429905 7904429906 7904429907 7904429908 7904429909 7904429910 7904429911 7904429912 7904429913 7904429901 7904429900 100199148842000 7904429914 7904429915 7904429916 7904429917 7904429918 7904429919
7904429921 7904431903 7904431904 7904431905 7904431906 7904431907 7904431908 7904431909 7904431910 7904431911 7904431912 7904429923 7904431900 7904431901 7904431915 7904429922 7904431902 7904431913 7904431914 7904431916 7904431917 7904431918 7904431919 7904431920
7904431921 7904431928 7904431929 7904431930 7904431931 7904431932 7904431934 7904431933 7904431935 7904431936 7904431937 7904431924 7904431925 7904431926 7904431927 7904431923 7904431922 7904431938 7904431939 7904431940 7904431941 7904431942 7904431943 7904431944
7904431945 7904431947 7904431949 7904431948 7904431950 7904431951 7904431952 601199126084015 7904431946 7904431953 7904431954 7904431955 7904431956 7904431957
7904431958 7904431962 7904431963 7904431965 7904431966 7904431967 7904431968 7904431969 7904431970 7904431972 7904431971 7904431973 7904431960 7904431961 7904431959 7904431974 7904431975 7904431976 7904431978 7904431979 7904431980 7904431981 7904431982 7904431983
